0.68 4.0 115.0
1.13 1.0 115.0
1.57 2.0 115.0
2.02 3.0 115.0
2.47 4.0 115.0
2.91 1.0 205.0
3.36 2.0 205.0
3.78 3.0 205.0
4.25 4.0 205.0
4.69 1.0 125.0
5.14 2.0 125.0
5.58 3.0 125.0
6.03 4.0 125.0
6.47 1.0 85.0
6.91 2.0 85.0
7.36 3.0 85.0
7.8 4.0 85.0
8.25 1.0 185.0
8.69 2.0 185.0
9.14 3.0 185.0
9.58 4.0 185.0
10.02 1.0 185.0
10.47 2.0 185.0
10.92 3.0 185.0
11.36 4.0 185.0
11.8 1.0 185.0
12.25 2.0 205.0
12.68 3.0 205.0
13.13 4.0 205.0
13.58 1.0 145.0
14.03 2.0 145.0
14.47 3.0 145.0
14.92 4.0 145.0
15.36 1.0 145.0
15.8 2.0 55.0
16.25 3.0 55.0
16.69 4.0 55.0
17.14 1.0 155.0
17.58 2.0 155.0
18.03 3.0 155.0
18.47 4.0 155.0
18.91 1.0 185.0
19.36 2.0 185.0
19.81 3.0 185.0
20.25 4.0 185.0
20.69 1.0 185.0
21.13 2.0 185.0
21.58 3.0 185.0
22.03 4.0 185.0
22.47 1.0 185.0
22.91 2.0 185.0
23.36 3.0 185.0
23.8 4.0 185.0
24.25 1.0 185.0
24.69 2.0 145.0
25.13 3.0 145.0
25.58 4.0 145.0
26.02 1.0 175.0
26.47 2.0 175.0
26.91 3.0 175.0
27.36 4.0 175.0
27.8 1.0 205.0
28.25 2.0 205.0
28.7 3.0 205.0
29.13 4.0 205.0
29.58 1.0 145.0
30.02 2.0 145.0
30.46 3.0 145.0
30.91 4.0 145.0
31.36 1.0 175.0
31.8 2.0 175.0
32.25 3.0 175.0
32.69 4.0 175.0
33.13 1.0 155.0
33.58 2.0 155.0
34.04 3.0 155.0
34.47 4.0 155.0
34.91 1.0 185.0
35.36 2.0 185.0
35.8 3.0 185.0
36.24 4.0 185.0
36.69 1.0 185.0
37.13 2.0 145.0
37.58 3.0 145.0
38.02 4.0 145.0
38.47 1.0 145.0
38.91 2.0 145.0
39.36 3.0 145.0
39.8 4.0 175.0
40.25 1.0 175.0
40.69 2.0 175.0
41.15 3.0 175.0
41.58 4.0 175.0
42.02 1.0 205.0
42.47 2.0 205.0
42.91 3.0 205.0
43.36 4.0 205.0
43.8 1.0 145.0
44.25 2.0 145.0
44.7 3.0 145.0
45.13 4.0 145.0
45.58 1.0 175.0
46.03 2.0 175.0
46.47 3.0 175.0
46.91 4.0 175.0
47.36 1.0 155.0
47.8 2.0 155.0
48.25 3.0 155.0
48.69 4.0 155.0
49.13 1.0 185.0
49.58 2.0 185.0
50.03 3.0 185.0
50.47 4.0 185.0
50.91 1.0 185.0
51.36 2.0 145.0
51.81 3.0 145.0
52.24 4.0 145.0
52.69 1.0 175.0
53.13 2.0 175.0
53.58 3.0 175.0
54.02 4.0 175.0
54.47 1.0 205.0
54.91 2.0 205.0
55.36 3.0 205.0
55.8 4.0 145.0
56.25 1.0 175.0
56.69 2.0 175.0
57.14 3.0 175.0
57.58 4.0 175.0
58.02 1.0 205.0
58.47 2.0 205.0
58.91 3.0 205.0
59.35 4.0 175.0
59.8 1.0 175.0
60.25 2.0 175.0
60.69 3.0 175.0
61.14 4.0 175.0
61.58 1.0 85.0
62.02 2.0 85.0
62.47 3.0 85.0
62.91 4.0 85.0
63.36 1.0 85.0
63.8 2.0 185.0
64.25 3.0 185.0
64.69 4.0 185.0
65.13 1.0 115.0
65.58 2.0 115.0
66.03 3.0 115.0
66.47 4.0 115.0
66.91 1.0 145.0
67.36 2.0 145.0
67.8 3.0 145.0
68.25 4.0 145.0
68.69 1.0 145.0
69.13 2.0 55.0
69.58 3.0 55.0
70.03 4.0 55.0
70.47 1.0 205.0
70.92 2.0 205.0
71.36 3.0 205.0
71.8 4.0 205.0
72.25 1.0 205.0
72.69 2.0 205.0
73.15 3.0 145.0
73.58 4.0 145.0
74.03 1.0 125.0
74.47 2.0 125.0
74.92 3.0 125.0
75.35 4.0 125.0
75.8 1.0 155.0
76.24 2.0 155.0
76.69 3.0 155.0
77.14 4.0 155.0
77.58 1.0 185.0
78.03 2.0 185.0
78.47 3.0 185.0
78.91 4.0 185.0
79.36 1.0 55.0
79.8 2.0 55.0
80.25 3.0 55.0
80.69 4.0 55.0
81.14 1.0 155.0
81.58 2.0 155.0
82.03 3.0 155.0
82.47 4.0 155.0
82.92 1.0 175.0
83.36 2.0 175.0
83.8 3.0 175.0
84.25 4.0 175.0
84.7 1.0 205.0
85.14 2.0 205.0
85.58 3.0 205.0
86.03 4.0 205.0
86.47 1.0 145.0
86.91 2.0 145.0
87.37 3.0 145.0
87.8 4.0 145.0
88.25 1.0 145.0
88.69 2.0 55.0
89.14 3.0 55.0
89.58 4.0 55.0
90.02 1.0 155.0
90.47 2.0 155.0
90.91 3.0 155.0
91.36 4.0 155.0
91.8 1.0 185.0
92.25 2.0 185.0
92.7 3.0 185.0
93.14 4.0 185.0
93.58 1.0 185.0
94.03 2.0 185.0
94.48 3.0 185.0
94.92 4.0 205.0
95.36 1.0 205.0
95.8 2.0 205.0
96.25 3.0 205.0
96.69 4.0 205.0
97.13 1.0 205.0
97.58 2.0 145.0
98.03 3.0 145.0
98.47 4.0 145.0
98.91 1.0 175.0
99.36 2.0 175.0
99.8 3.0 175.0
100.25 4.0 175.0
100.69 1.0 175.0
101.14 2.0 175.0
101.58 3.0 175.0
102.02 4.0 175.0
102.47 1.0 185.0
102.91 2.0 185.0
103.36 3.0 185.0
103.8 4.0 185.0
104.25 1.0 185.0
104.69 2.0 185.0
105.14 3.0 185.0
105.58 4.0 325.0
106.02 1.0 175.0
106.47 2.0 175.0
106.92 3.0 175.0
107.36 4.0 175.0
107.8 1.0 205.0
108.25 2.0 205.0
108.69 3.0 205.0
109.13 4.0 205.0
109.58 1.0 145.0
110.02 2.0 145.0
110.48 3.0 145.0
110.91 4.0 145.0
111.36 1.0 175.0
111.8 2.0 175.0
112.25 3.0 175.0
112.69 4.0 175.0
113.13 1.0 155.0
113.58 2.0 155.0
114.03 3.0 155.0
114.47 4.0 155.0
114.91 1.0 185.0
115.36 2.0 185.0
115.81 3.0 185.0
116.24 4.0 185.0
116.69 1.0 185.0
117.13 2.0 145.0
117.58 3.0 145.0
118.02 4.0 145.0
118.47 1.0 145.0
118.91 2.0 145.0
119.36 3.0 145.0
119.8 4.0 175.0
120.25 1.0 175.0
120.69 2.0 175.0
121.14 3.0 175.0
121.58 4.0 175.0
122.02 1.0 205.0
122.47 2.0 205.0
122.92 3.0 205.0
123.36 4.0 205.0
123.8 1.0 145.0
124.25 2.0 145.0
124.69 3.0 145.0
125.13 4.0 145.0
125.58 1.0 175.0
126.02 2.0 175.0
126.48 3.0 175.0
126.91 4.0 175.0
127.36 1.0 155.0
127.8 2.0 155.0
128.25 3.0 155.0
128.69 4.0 155.0
129.13 1.0 155.0
129.58 2.0 185.0
130.04 3.0 185.0
130.47 4.0 185.0
130.91 1.0 145.0
131.36 2.0 145.0
131.82 3.0 145.0
132.25 4.0 145.0
132.69 1.0 175.0
133.13 2.0 175.0
133.58 3.0 175.0
134.02 4.0 175.0
134.47 1.0 205.0
134.91 2.0 205.0
135.36 3.0 205.0
135.8 4.0 205.0
136.24 1.0 175.0
136.69 2.0 175.0
137.14 3.0 175.0
137.58 4.0 175.0
138.02 1.0 205.0
138.47 2.0 205.0
138.91 3.0 205.0
139.36 4.0 175.0
139.8 1.0 175.0
140.25 2.0 175.0
140.69 3.0 175.0
141.13 4.0 175.0
141.58 1.0 85.0
142.02 2.0 85.0
142.47 3.0 85.0
142.91 4.0 85.0
143.36 1.0 85.0
143.8 2.0 185.0
144.25 3.0 185.0
144.69 4.0 185.0
145.13 1.0 115.0
145.58 2.0 115.0
146.03 3.0 115.0
146.47 4.0 115.0
146.91 1.0 145.0
147.36 2.0 145.0
147.8 3.0 145.0
148.25 4.0 145.0
148.69 1.0 145.0
149.14 2.0 55.0
149.56 3.0 55.0
150.03 4.0 55.0
150.47 1.0 205.0
150.92 2.0 205.0
151.36 3.0 205.0
151.8 4.0 205.0
152.25 1.0 205.0
152.69 2.0 205.0
153.15 3.0 145.0
153.58 4.0 145.0
154.03 1.0 125.0
154.47 2.0 125.0
154.92 3.0 125.0
155.36 4.0 125.0
155.8 1.0 155.0
156.25 2.0 155.0
156.69 3.0 155.0
157.14 4.0 155.0
157.58 1.0 185.0
158.03 2.0 185.0
158.48 3.0 185.0
158.91 4.0 185.0
159.36 1.0 55.0
159.8 2.0 55.0
160.25 3.0 55.0
160.69 4.0 55.0
161.14 1.0 155.0
161.58 2.0 155.0
162.03 3.0 155.0
162.47 4.0 155.0
162.92 1.0 175.0
163.36 2.0 175.0
163.8 3.0 175.0
164.25 4.0 175.0
164.69 1.0 205.0
165.14 2.0 205.0
165.58 3.0 205.0
166.02 4.0 205.0
166.47 1.0 145.0
166.91 2.0 145.0
167.36 3.0 145.0
167.8 4.0 145.0
168.25 1.0 145.0
168.69 2.0 55.0
169.14 3.0 55.0
169.58 4.0 55.0
170.02 1.0 155.0
170.47 2.0 155.0
170.92 3.0 155.0
171.35 4.0 155.0
171.8 1.0 185.0
172.25 2.0 185.0
172.7 3.0 185.0
173.14 4.0 185.0
173.58 1.0 185.0
174.03 2.0 185.0
174.48 3.0 185.0
174.91 4.0 185.0
175.36 1.0 205.0
175.8 2.0 205.0
176.25 3.0 205.0
176.69 4.0 205.0
177.14 1.0 205.0
177.58 2.0 145.0
178.03 3.0 145.0
178.47 4.0 145.0
178.91 1.0 205.0
179.36 2.0 205.0
179.81 3.0 205.0
180.25 4.0 205.0
180.69 1.0 205.0
181.14 2.0 205.0
181.58 3.0 205.0
182.02 4.0 205.0
182.47 1.0 125.0
182.91 2.0 125.0
183.36 3.0 125.0
183.8 4.0 125.0
184.25 1.0 155.0
184.69 2.0 155.0
185.14 3.0 155.0
185.58 4.0 155.0
186.03 1.0 185.0
186.47 2.0 185.0
186.92 3.0 185.0
187.36 4.0 185.0
187.8 1.0 55.0
188.25 2.0 55.0
188.69 3.0 55.0
189.13 4.0 55.0
189.58 1.0 155.0
190.02 2.0 155.0
190.47 3.0 155.0
190.91 4.0 155.0
191.36 1.0 215.0
191.8 2.0 215.0
192.25 3.0 215.0
192.69 4.0 205.0
193.14 1.0 205.0
193.59 2.0 205.0
194.03 3.0 205.0
194.47 4.0 205.0
194.92 1.0 145.0
195.36 2.0 145.0
195.81 3.0 145.0
196.25 4.0 145.0
196.69 1.0 125.0
197.14 2.0 125.0
197.59 3.0 125.0
198.03 4.0 125.0
198.47 1.0 85.0
198.92 2.0 85.0
199.35 3.0 85.0
199.8 4.0 85.0
200.25 1.0 185.0
200.7 2.0 185.0
201.14 3.0 185.0
201.58 4.0 185.0
202.03 1.0 115.0
202.47 2.0 115.0
202.91 3.0 115.0
203.36 4.0 115.0
203.8 1.0 145.0
204.25 2.0 145.0
204.69 3.0 145.0
205.14 4.0 145.0
205.59 1.0 55.0
206.03 2.0 55.0
206.47 3.0 55.0
206.92 4.0 55.0
207.36 1.0 205.0
207.81 2.0 205.0
208.25 3.0 205.0
208.7 4.0 205.0
209.14 1.0 205.0
209.58 2.0 215.0
210.04 3.0 215.0
210.47 4.0 215.0
210.92 1.0 125.0
211.36 2.0 125.0
211.81 3.0 125.0
212.25 4.0 125.0
212.7 1.0 155.0
213.14 2.0 155.0
213.58 3.0 155.0
214.03 4.0 155.0
214.49 1.0 185.0
214.92 2.0 185.0
215.37 3.0 185.0
215.81 4.0 185.0
216.25 1.0 55.0
216.7 2.0 55.0
217.14 3.0 55.0
217.59 4.0 55.0
218.03 1.0 155.0
218.47 2.0 155.0
218.91 3.0 155.0
219.36 4.0 155.0
219.81 1.0 175.0
220.25 2.0 175.0
220.69 3.0 175.0
221.14 4.0 175.0
221.58 1.0 205.0
222.03 2.0 205.0
222.47 3.0 205.0
222.92 4.0 205.0
223.36 1.0 145.0
223.8 2.0 145.0
224.25 3.0 145.0
224.69 4.0 145.0
225.14 1.0 145.0
225.58 2.0 55.0
226.03 3.0 55.0
226.47 4.0 55.0
226.91 1.0 155.0
227.36 2.0 155.0
227.8 3.0 155.0
228.24 4.0 155.0
228.69 1.0 185.0
229.14 2.0 185.0
229.58 3.0 185.0
230.03 4.0 185.0
230.47 1.0 185.0
230.92 2.0 185.0
231.37 3.0 185.0
231.8 4.0 185.0
232.25 1.0 205.0
232.69 2.0 205.0
233.14 3.0 205.0
233.58 4.0 205.0
234.03 1.0 185.0
234.47 2.0 185.0
234.91 3.0 145.0
235.36 4.0 145.0
235.8 1.0 205.0
236.25 2.0 205.0
236.7 3.0 205.0
237.14 4.0 205.0
237.58 1.0 145.0
238.03 2.0 145.0
238.48 3.0 145.0
238.92 4.0 145.0
239.36 1.0 145.0
239.81 2.0 55.0
240.25 3.0 55.0
240.69 4.0 55.0
241.14 1.0 155.0
241.58 2.0 155.0
242.03 3.0 155.0
242.47 4.0 155.0
242.92 1.0 185.0
243.36 2.0 185.0
243.82 3.0 185.0
244.25 4.0 185.0
244.69 1.0 185.0
245.14 2.0 185.0
245.59 3.0 185.0
246.03 4.0 185.0
246.47 1.0 205.0
246.92 2.0 205.0
247.36 3.0 205.0
247.8 4.0 205.0
248.25 1.0 205.0
248.69 2.0 145.0
249.15 3.0 145.0
249.59 4.0 145.0
250.03 1.0 145.0
250.47 2.0 115.0
250.92 3.0 115.0
251.36 4.0 205.0
251.8 1.0 205.0
252.25 2.0 205.0
252.7 3.0 205.0
253.14 4.0 205.0
253.58 1.0 205.0
254.03 2.0 125.0
254.47 3.0 125.0
254.91 4.0 125.0
255.36 1.0 85.0
255.8 2.0 85.0
256.25 3.0 85.0
256.69 4.0 85.0
257.14 1.0 185.0
257.58 2.0 185.0
258.04 3.0 185.0
258.47 4.0 185.0
258.91 1.0 185.0
259.36 2.0 185.0
259.8 3.0 185.0
260.25 4.0 185.0
260.69 1.0 145.0
261.14 2.0 145.0
261.59 3.0 145.0
262.03 4.0 145.0
262.47 1.0 145.0
262.92 2.0 145.0
263.36 3.0 145.0
263.81 4.0 145.0
264.25 1.0 115.0
264.7 2.0 115.0
265.15 3.0 115.0
265.58 4.0 115.0
266.03 1.0 205.0
266.47 2.0 205.0
266.93 3.0 205.0
267.36 4.0 205.0
267.8 1.0 205.0
268.25 2.0 125.0
268.7 3.0 125.0
269.14 4.0 125.0
269.58 1.0 85.0
270.02 2.0 85.0
270.47 3.0 85.0
270.91 4.0 85.0
271.36 1.0 185.0
271.81 2.0 185.0
272.25 3.0 145.0
272.69 4.0 205.0
273.13 1.0 205.0
273.58 2.0 145.0
274.03 3.0 145.0
274.47 4.0 175.0
274.91 1.0 175.0
275.33 2.0 175.0
275.73 3.0 175.0
276.17 4.0 175.0
276.59 1.0 175.0
277.0 2.0 175.0
277.41 3.0 175.0
277.83 4.0 175.0
278.25 1.0 175.0
278.7 2.0 175.0
