2.12 1.0 0
2.63 2.0 0
3.13 3.0 0
3.64 4.0 305.0
4.14 1.0 305.0
4.66 2.0 305.0
5.18 3.0 305.0
5.69 4.0 305.0
6.21 1.0 355.0
6.72 2.0 355.0
7.23 3.0 355.0
7.73 4.0 355.0
8.24 1.0 335.0
8.75 2.0 335.0
9.26 3.0 335.0
9.77 4.0 335.0
10.28 1.0 295.0
10.79 2.0 295.0
11.3 3.0 295.0
11.8 4.0 295.0
12.31 1.0 305.0
12.82 2.0 305.0
13.32 3.0 305.0
13.83 4.0 305.0
14.34 1.0 355.0
14.84 2.0 355.0
15.36 3.0 355.0
15.86 4.0 335.0
16.37 1.0 335.0
16.88 2.0 335.0
17.39 3.0 335.0
17.9 4.0 335.0
18.41 1.0 295.0
18.92 2.0 295.0
19.43 3.0 295.0
19.94 4.0 295.0
20.45 1.0 305.0
20.96 2.0 305.0
21.47 3.0 295.0
21.97 4.0 295.0
22.49 1.0 325.0
22.99 2.0 325.0
23.5 3.0 355.0
24.01 4.0 355.0
24.52 1.0 355.0
25.03 2.0 205.0
25.54 3.0 205.0
26.04 4.0 205.0
26.55 1.0 205.0
27.06 2.0 205.0
27.57 3.0 205.0
28.08 4.0 205.0
28.59 1.0 305.0
29.1 2.0 305.0
29.61 3.0 305.0
30.12 4.0 305.0
30.63 1.0 305.0
31.13 2.0 305.0
31.64 3.0 305.0
32.15 4.0 305.0
32.66 1.0 305.0
33.17 2.0 305.0
33.68 3.0 305.0
34.19 4.0 305.0
34.7 1.0 305.0
35.2 2.0 305.0
35.72 3.0 305.0
36.22 4.0 305.0
36.73 1.0 305.0
37.24 2.0 305.0
37.75 3.0 305.0
38.26 4.0 305.0
38.77 1.0 305.0
39.28 2.0 305.0
39.79 3.0 305.0
40.29 4.0 305.0
40.8 1.0 305.0
41.31 2.0 305.0
41.82 3.0 305.0
42.33 4.0 305.0
42.84 1.0 335.0
43.35 2.0 335.0
43.86 3.0 335.0
44.36 4.0 335.0
44.87 1.0 305.0
45.38 2.0 305.0
45.89 3.0 305.0
46.4 4.0 305.0
46.91 1.0 305.0
47.42 2.0 305.0
47.93 3.0 305.0
48.44 4.0 305.0
48.95 1.0 305.0
49.46 2.0 305.0
49.97 3.0 295.0
50.48 4.0 295.0
50.99 1.0 325.0
51.5 2.0 325.0
52.01 3.0 325.0
52.51 4.0 325.0
53.02 1.0 355.0
53.53 2.0 355.0
54.04 3.0 355.0
54.55 4.0 355.0
55.06 1.0 295.0
55.56 2.0 295.0
56.07 3.0 295.0
56.58 4.0 295.0
57.09 1.0 325.0
57.6 2.0 325.0
58.11 3.0 325.0
58.62 4.0 295.0
59.13 1.0 305.0
59.63 2.0 305.0
60.14 3.0 305.0
60.65 4.0 305.0
61.16 1.0 355.0
61.67 2.0 355.0
62.18 3.0 355.0
62.68 4.0 355.0
63.19 1.0 355.0
63.7 2.0 275.0
64.21 3.0 275.0
64.72 4.0 275.0
65.22 1.0 275.0
65.73 2.0 295.0
66.24 3.0 295.0
66.75 4.0 295.0
67.26 1.0 295.0
67.75 2.0 295.0
68.26 3.0 295.0
68.78 4.0 305.0
69.29 1.0 305.0
69.8 2.0 305.0
70.31 3.0 305.0
70.82 4.0 305.0
71.33 1.0 355.0
71.84 2.0 355.0
72.35 3.0 355.0
72.86 4.0 335.0
73.37 1.0 335.0
73.88 2.0 335.0
74.39 3.0 335.0
74.9 4.0 335.0
75.41 1.0 295.0
75.92 2.0 295.0
76.43 3.0 295.0
76.94 4.0 295.0
77.45 1.0 305.0
77.96 2.0 305.0
78.46 3.0 305.0
78.97 4.0 305.0
79.48 1.0 355.0
79.99 2.0 355.0
80.5 3.0 355.0
81.01 4.0 355.0
81.52 1.0 335.0
82.03 2.0 335.0
82.55 3.0 335.0
83.06 4.0 335.0
83.57 1.0 295.0
84.08 2.0 295.0
84.59 3.0 295.0
85.1 4.0 295.0
85.61 1.0 305.0
86.13 2.0 305.0
86.64 3.0 305.0
87.15 4.0 305.0
87.66 1.0 305.0
88.16 2.0 305.0
88.66 3.0 305.0
89.16 4.0 305.0
89.66 1.0 305.0
90.16 2.0 305.0
90.67 3.0 305.0
91.18 4.0 305.0
91.69 1.0 335.0
92.2 2.0 335.0
92.71 3.0 335.0
93.22 4.0 335.0
93.73 1.0 305.0
94.24 2.0 305.0
94.75 3.0 305.0
95.25 4.0 305.0
95.76 1.0 305.0
96.27 2.0 305.0
96.78 3.0 305.0
97.29 4.0 305.0
97.8 1.0 305.0
98.31 2.0 305.0
98.82 3.0 305.0
99.32 4.0 295.0
99.83 1.0 325.0
100.34 2.0 325.0
100.85 3.0 325.0
101.36 4.0 325.0
101.87 1.0 355.0
102.37 2.0 355.0
102.88 3.0 355.0
103.39 4.0 355.0
103.9 1.0 295.0
104.41 2.0 295.0
104.92 3.0 295.0
105.42 4.0 295.0
105.94 1.0 325.0
106.44 2.0 325.0
106.95 3.0 325.0
107.46 4.0 325.0
107.97 1.0 305.0
108.48 2.0 305.0
108.99 3.0 305.0
109.5 4.0 305.0
110.01 1.0 355.0
110.52 2.0 355.0
111.03 3.0 355.0
111.54 4.0 355.0
112.05 1.0 355.0
112.56 2.0 275.0
113.07 3.0 275.0
113.58 4.0 275.0
114.08 1.0 275.0
114.59 2.0 295.0
115.09 3.0 295.0
115.59 4.0 295.0
116.1 1.0 295.0
116.6 2.0 295.0
117.1 3.0 0
117.63 4.0 0
118.14 1.0 305.0
118.64 2.0 305.0
119.15 3.0 305.0
119.66 4.0 305.0
120.17 1.0 355.0
120.68 2.0 355.0
121.19 3.0 355.0
121.7 4.0 355.0
122.21 1.0 335.0
122.72 2.0 335.0
123.23 3.0 335.0
123.74 4.0 335.0
124.25 1.0 295.0
124.75 2.0 295.0
125.27 3.0 295.0
125.77 4.0 295.0
126.28 1.0 305.0
126.79 2.0 305.0
127.3 3.0 305.0
127.81 4.0 305.0
128.32 1.0 355.0
128.83 2.0 355.0
129.34 3.0 355.0
129.85 4.0 335.0
130.36 1.0 335.0
130.87 2.0 335.0
131.38 3.0 335.0
131.89 4.0 335.0
132.4 1.0 295.0
132.91 2.0 295.0
133.42 3.0 295.0
133.92 4.0 295.0
134.44 1.0 305.0
134.94 2.0 305.0
135.45 3.0 295.0
135.96 4.0 295.0
136.47 1.0 325.0
136.98 2.0 325.0
137.48 3.0 355.0
137.99 4.0 355.0
138.5 1.0 355.0
139.01 2.0 205.0
139.52 3.0 205.0
140.03 4.0 205.0
140.54 1.0 205.0
141.04 2.0 205.0
141.55 3.0 205.0
142.06 4.0 205.0
142.57 1.0 235.0
143.08 2.0 235.0
143.59 3.0 235.0
144.1 4.0 235.0
144.6 1.0 305.0
145.11 2.0 305.0
145.62 3.0 305.0
146.13 4.0 305.0
146.64 1.0 335.0
147.15 2.0 335.0
147.66 3.0 335.0
148.17 4.0 335.0
148.68 1.0 325.0
149.18 2.0 325.0
149.7 3.0 325.0
150.2 4.0 325.0
150.71 1.0 355.0
151.22 2.0 355.0
151.73 3.0 355.0
152.24 4.0 355.0
152.74 1.0 25.0
153.26 2.0 25.0
153.77 3.0 25.0
154.27 4.0 25.0
154.78 1.0 5.0
155.29 2.0 5.0
155.8 3.0 5.0
156.31 4.0 5.0
156.82 1.0 325.0
157.33 2.0 325.0
157.84 3.0 325.0
158.35 4.0 325.0
158.86 1.0 335.0
159.36 2.0 335.0
159.87 3.0 335.0
160.38 4.0 335.0
160.89 1.0 235.0
161.4 2.0 235.0
161.91 3.0 235.0
162.42 4.0 235.0
162.93 1.0 335.0
163.43 2.0 335.0
163.95 3.0 335.0
164.45 4.0 335.0
164.96 1.0 325.0
165.47 2.0 325.0
165.98 3.0 325.0
166.49 4.0 325.0
167.0 1.0 355.0
167.51 2.0 355.0
168.02 3.0 355.0
168.52 4.0 355.0
169.03 1.0 25.0
169.54 2.0 25.0
170.05 3.0 25.0
170.56 4.0 25.0
171.07 1.0 5.0
171.58 2.0 5.0
172.09 3.0 5.0
172.59 4.0 5.0
173.11 1.0 325.0
173.61 2.0 325.0
174.12 3.0 325.0
174.63 4.0 325.0
175.14 1.0 335.0
175.65 2.0 335.0
176.16 3.0 335.0
176.67 4.0 335.0
177.18 1.0 205.0
177.68 2.0 205.0
178.19 3.0 205.0
178.7 4.0 205.0
179.21 1.0 305.0
179.73 2.0 305.0
180.23 3.0 305.0
180.74 4.0 305.0
181.25 1.0 355.0
181.75 2.0 355.0
182.27 3.0 355.0
182.77 4.0 335.0
183.28 1.0 335.0
183.79 2.0 335.0
184.3 3.0 335.0
184.8 4.0 335.0
185.3 1.0 295.0
185.82 2.0 295.0
186.33 3.0 295.0
186.83 4.0 295.0
187.33 1.0 305.0
187.85 2.0 305.0
188.36 3.0 305.0
188.86 4.0 305.0
189.36 1.0 355.0
189.87 2.0 355.0
190.39 3.0 355.0
190.89 4.0 335.0
191.4 1.0 335.0
191.9 2.0 335.0
192.42 3.0 335.0
192.92 4.0 335.0
193.42 1.0 335.0
193.93 2.0 295.0
194.45 3.0 295.0
194.95 4.0 295.0
195.45 1.0 305.0
195.96 2.0 305.0
196.47 3.0 295.0
196.99 4.0 295.0
197.48 1.0 325.0
197.99 2.0 325.0
198.5 3.0 355.0
199.01 4.0 355.0
199.51 1.0 355.0
200.04 2.0 205.0
200.52 3.0 205.0
201.02 4.0 205.0
201.55 1.0 205.0
202.05 2.0 205.0
202.56 3.0 205.0
203.07 4.0 205.0
203.58 1.0 305.0
204.09 2.0 305.0
204.61 3.0 305.0
205.11 4.0 305.0
205.63 1.0 355.0
206.14 2.0 355.0
206.65 3.0 355.0
207.15 4.0 355.0
207.66 1.0 335.0
208.17 2.0 335.0
208.68 3.0 335.0
209.19 4.0 335.0
209.69 1.0 295.0
210.2 2.0 295.0
210.71 3.0 295.0
211.22 4.0 295.0
211.72 1.0 305.0
212.24 2.0 305.0
212.75 3.0 305.0
213.25 4.0 305.0
213.76 1.0 355.0
214.27 2.0 355.0
214.78 3.0 355.0
215.29 4.0 355.0
215.8 1.0 335.0
216.31 2.0 335.0
216.82 3.0 335.0
217.33 4.0 335.0
217.84 1.0 295.0
218.35 2.0 295.0
218.86 3.0 295.0
219.36 4.0 295.0
219.88 1.0 305.0
220.39 2.0 305.0
220.9 3.0 295.0
221.4 4.0 295.0
221.91 1.0 325.0
222.42 2.0 325.0
222.93 3.0 355.0
223.45 4.0 355.0
223.95 1.0 355.0
224.46 2.0 205.0
224.98 3.0 205.0
225.48 4.0 205.0
225.99 1.0 205.0
226.5 2.0 205.0
227.01 3.0 205.0
227.52 4.0 205.0
228.03 1.0 305.0
228.54 2.0 305.0
229.05 3.0 305.0
229.56 4.0 305.0
230.07 1.0 355.0
230.58 2.0 355.0
231.09 3.0 355.0
231.6 4.0 355.0
232.11 1.0 335.0
232.62 2.0 335.0
233.13 3.0 335.0
233.64 4.0 335.0
234.15 1.0 295.0
234.66 2.0 295.0
235.17 3.0 295.0
235.68 4.0 295.0
236.19 1.0 0
236.7 2.0 0
237.21 3.0 0
